0.07566666666666666
0.48135
0.72935
0.7225
0.7712833333333333
0.7825
0.8392333333333334
0.8216
0.8522333333333333
0.8511166666666666
0.8610333333333333
0.8534333333333334
0.8742333333333333
0.8695833333333334
0.8711333333333333
0.8640666666666666
0.87165
0.8793833333333333
0.88085
0.8871833333333333
0.8740666666666667
0.8838833333333334
0.8992
0.9024833333333333
0.9035166666666666
0.90725
0.9112333333333333
0.9097666666666666
0.9169833333333334
0.9140166666666667
0.91245
0.9188166666666666
0.9207833333333333
0.9220166666666667
0.92575
0.9260833333333334
0.93015
0.9285833333333333
0.93355
0.93155
0.93415
0.93465
0.93715
0.9369833333333333
0.9403333333333334
0.9380333333333334
0.9406166666666667
0.9420833333333334
0.9432666666666667
0.9445166666666667
